SECTION 2 - LARGE VECTOR STRESS TEST (n=1e6)
Generated: 2026-03-05 00:21:27 +0530
user: 0.040000
system: 0.020000
elapsed: 0.070000
