SECTION 7 - NAMESPACE LOAD TIME
Generated: 2026-03-05 00:21:31 +0530

user=0.050000
system=0.000000
elapsed=0.050000
