SECTION 4 - MEMORY STABILITY TEST (1000 runs)
Generated: 2026-03-05 00:21:30 +0530
memory_before_mb: 77.600000
memory_after_mb: 77.600000
memory_delta_mb: 0.000000
